0 0.9553571428571429 0.21205357142857142 0.0625 0.08035714285714286
0 0.8794642857142857 0.3482142857142857 0.07142857142857142 0.06696428571428571
0 0.8080357142857143 0.3705357142857143 0.07142857142857142 0.07142857142857142
0 0.9263392857142857 0.5625 0.08482142857142858 0.0625
0 0.9285714285714286 0.6540178571428571 0.07142857142857142 0.06696428571428571
0 0.2924107142857143 0.11160714285714286 0.05357142857142857 0.07142857142857142
0 0.42857142857142855 0.38169642857142855 0.12053571428571429 0.07142857142857142
0 0.14732142857142858 0.42857142857142855 0.08482142857142858 0.0625
0 0.5714285714285714 0.9799107142857143 0.08035714285714286 0.04017857142857143
0 0.49330357142857145 0.9888392857142857 0.08482142857142858 0.022321428571428572
0 0.029017857142857144 0.48660714285714285 0.05803571428571429 0.0625