0 0.24776785714285715 0.11160714285714286 0.07366071428571429 0.05803571428571429
0 0.37276785714285715 0.18080357142857142 0.060267857142857144 0.06696428571428571
0 0.3950892857142857 0.24776785714285715 0.06473214285714286 0.06696428571428571
0 0.5111607142857143 0.026785714285714284 0.0625 0.044642857142857144
0 0.5714285714285714 0.13839285714285715 0.060267857142857144 0.078125
0 0.65625 0.13616071428571427 0.060267857142857144 0.06919642857142858
0 0.15625 0.7209821428571429 0.06696428571428571 0.05133928571428571
0 0.40401785714285715 0.5959821428571429 0.06473214285714286 0.109375
0 0.4486607142857143 0.8526785714285714 0.05580357142857143 0.078125
0 0.9620535714285714 0.4642857142857143 0.05357142857142857 0.07589285714285714
0 0.9776785714285714 0.5379464285714286 0.044642857142857144 0.078125
0 0.5 0.96875 0.05803571428571429 0.0625