0 0.5691964285714286 0.9866071428571429 0.08482142857142858 0.026785714285714284
0 0.7299107142857143 0.7857142857142857 0.09821428571428571 0.06696428571428571
0 0.609375 0.9241071428571429 0.0625 0.0625
0 0.6897321428571429 0.5245535714285714 0.08035714285714286 0.08928571428571429
0 0.578125 0.6629464285714286 0.08928571428571429 0.09821428571428571
0 0.33482142857142855 0.33035714285714285 0.06696428571428571 0.10267857142857142
0 0.16071428571428573 0.9352678571428571 0.06696428571428571 0.10267857142857142
0 0.05357142857142857 0.9508928571428571 0.07142857142857142 0.09821428571428571
0 0.7120535714285714 0.23883928571428573 0.09821428571428571 0.06696428571428571
0 0.5491071428571429 0.14955357142857142 0.07142857142857142 0.08035714285714286
0 0.5178571428571429 0.060267857142857144 0.08928571428571429 0.05803571428571429
0 0.9040178571428571 0.13616071428571427 0.09821428571428571 0.07142857142857142
0 0.6741071428571429 0.022321428571428572 0.0625 0.044642857142857144
0 0.029017857142857144 0.30580357142857145 0.049107142857142856 0.05357142857142857
0 0.04241071428571429 0.14508928571428573 0.08482142857142858 0.15178571428571427