0 0.4642857142857143 0.03794642857142857 0.08035714285714286 0.05133928571428571
0 0.3169642857142857 0.23660714285714285 0.09375 0.060267857142857144
0 0.4263392857142857 0.109375 0.05803571428571429 0.05580357142857143
0 0.35267857142857145 0.47767857142857145 0.07366071428571429 0.08035714285714286
0 0.45535714285714285 0.35044642857142855 0.08035714285714286 0.08928571428571429
0 0.6830357142857143 0.6584821428571429 0.060267857142857144 0.09375
0 0.84375 0.10044642857142858 0.0625 0.09375
0 0.9464285714285714 0.08035714285714286 0.06696428571428571 0.10714285714285714
0 0.3325892857142857 0.7433035714285714 0.08928571428571429 0.060267857142857144
0 0.484375 0.8236607142857143 0.06473214285714286 0.07589285714285714
0 0.5111607142857143 0.90625 0.08482142857142858 0.05357142857142857
0 0.15401785714285715 0.8370535714285714 0.09151785714285714 0.06919642857142858
0 0.3705357142857143 0.9575892857142857 0.060267857142857144 0.06696428571428571
0 0.9642857142857143 0.6808035714285714 0.046875 0.049107142857142856
0 0.9553571428571429 0.828125 0.08928571428571429 0.13839285714285715