0 0.9866071428571429 0.4017857142857143 0.026785714285714284 0.08928571428571429
0 0.7745535714285714 0.23214285714285715 0.07142857142857142 0.10714285714285714
0 0.9196428571428571 0.359375 0.0625 0.06696428571428571
0 0.5 0.27232142857142855 0.08928571428571429 0.08035714285714286
0 0.6450892857142857 0.390625 0.10267857142857142 0.08928571428571429
0 0.2924107142857143 0.6495535714285714 0.10714285714285714 0.07142857142857142
0 0.9308035714285714 0.8325892857142857 0.10714285714285714 0.07142857142857142
0 0.9464285714285714 0.9486607142857143 0.10714285714285714 0.07589285714285714
0 0.19642857142857142 0.25 0.07142857142857142 0.10267857142857142
0 0.10267857142857142 0.421875 0.08482142857142858 0.07142857142857142
0 0.020089285714285716 0.45535714285714285 0.04017857142857143 0.09821428571428571
0 0.08928571428571429 0.049107142857142856 0.08035714285714286 0.09821428571428571
0 0.26785714285714285 0.9709821428571429 0.05357142857142857 0.05357142857142857
0 0.09821428571428571 0.9553571428571429 0.16071428571428573 0.08928571428571429