0 0.15625 0.13839285714285715 0.05133928571428571 0.06696428571428571
0 0.2544642857142857 0.21428571428571427 0.044642857142857144 0.07366071428571429
0 0.2611607142857143 0.31473214285714285 0.0625 0.05580357142857143
0 0.28348214285714285 0.39955357142857145 0.05357142857142857 0.06919642857142858
0 0.16071428571428573 0.44642857142857145 0.049107142857142856 0.0625
0 0.08035714285714286 0.5401785714285714 0.05580357142857143 0.06473214285714286
0 0.18526785714285715 0.828125 0.06696428571428571 0.08035714285714286
0 0.4888392857142857 0.2767857142857143 0.08258928571428571 0.05133928571428571
0 0.6763392857142857 0.13839285714285715 0.07142857142857142 0.08928571428571429
0 0.640625 0.03125 0.05357142857142857 0.060267857142857144
0 0.9754464285714286 0.07589285714285714 0.049107142857142856 0.078125
0 0.7834821428571429 0.6294642857142857 0.06473214285714286 0.09375
0 0.7098214285714286 0.375 0.07589285714285714 0.09598214285714286