0 0.8705357142857143 0.13169642857142858 0.05357142857142857 0.07142857142857142
0 0.7678571428571429 0.21205357142857142 0.044642857142857144 0.08035714285714286
0 0.7611607142857143 0.32142857142857145 0.06696428571428571 0.0625
0 0.7366071428571429 0.41294642857142855 0.05803571428571429 0.07589285714285714
0 0.8683035714285714 0.4642857142857143 0.05357142857142857 0.06696428571428571
0 0.9553571428571429 0.5625 0.0625 0.07142857142857142
0 0.8415178571428571 0.8705357142857143 0.07142857142857142 0.08928571428571429
0 0.515625 0.27901785714285715 0.08928571428571429 0.05357142857142857
0 0.3125 0.13169642857142858 0.07589285714285714 0.09821428571428571
0 0.35267857142857145 0.024553571428571428 0.05803571428571429 0.044642857142857144
0 0.008928571428571428 0.06473214285714286 0.017857142857142856 0.08035714285714286
0 0.19642857142857142 0.6584821428571429 0.07142857142857142 0.09821428571428571
0 0.2767857142857143 0.3861607142857143 0.08482142857142858 0.10267857142857142