0 0.8549107142857143 0.109375 0.05357142857142857 0.07142857142857142
0 0.7544642857142857 0.1875 0.044642857142857144 0.08035714285714286
0 0.7455357142857143 0.2924107142857143 0.0625 0.05803571428571429
0 0.7232142857142857 0.38392857142857145 0.05357142857142857 0.07142857142857142
0 0.8504464285714286 0.4330357142857143 0.05357142857142857 0.06696428571428571
0 0.9352678571428571 0.5290178571428571 0.0625 0.06696428571428571
0 0.8258928571428571 0.828125 0.07142857142857142 0.08035714285714286
0 0.5066964285714286 0.2544642857142857 0.08928571428571429 0.05357142857142857
0 0.3125 0.109375 0.07142857142857142 0.09375
0 0.3482142857142857 0.013392857142857142 0.05357142857142857 0.026785714285714284
0 0.011160714285714286 0.044642857142857144 0.022321428571428572 0.08035714285714286
0 0.19866071428571427 0.6227678571428571 0.06696428571428571 0.09821428571428571
0 0.2767857142857143 0.35714285714285715 0.08035714285714286 0.09821428571428571