0 0.22991071428571427 0.17410714285714285 0.07366071428571429 0.08035714285714286
0 0.5691964285714286 0.11383928571428571 0.07589285714285714 0.09375
0 0.6339285714285714 0.21205357142857142 0.07142857142857142 0.044642857142857144
0 0.7700892857142857 0.29017857142857145 0.044642857142857144 0.060267857142857144
0 0.8504464285714286 0.47544642857142855 0.05133928571428571 0.08035714285714286
0 0.6852678571428571 0.47098214285714285 0.05580357142857143 0.06696428571428571
0 0.7901785714285714 0.546875 0.0625 0.06696428571428571
0 0.2611607142857143 0.6785714285714286 0.06473214285714286 0.06473214285714286
0 0.33705357142857145 0.7745535714285714 0.078125 0.07142857142857142
0 0.28794642857142855 0.8660714285714286 0.07589285714285714 0.06919642857142858
0 0.5178571428571429 0.7991071428571429 0.08035714285714286 0.08928571428571429
0 0.7477678571428571 0.6897321428571429 0.05803571428571429 0.0625
0 0.7767857142857143 0.7477678571428571 0.05357142857142857 0.0625
0 0.8616071428571429 0.7589285714285714 0.07366071428571429 0.046875