0 0.17410714285714285 0.7879464285714286 0.08482142857142858 0.08035714285714286
0 0.109375 0.42857142857142855 0.09821428571428571 0.08035714285714286
0 0.21205357142857142 0.359375 0.044642857142857144 0.07589285714285714
0 0.296875 0.21651785714285715 0.0625 0.044642857142857144
0 0.49330357142857145 0.12946428571428573 0.08482142857142858 0.05357142857142857
0 0.4888392857142857 0.30580357142857145 0.07142857142857142 0.0625
0 0.5691964285714286 0.19419642857142858 0.07142857142857142 0.06696428571428571
0 0.7098214285714286 0.7566964285714286 0.07142857142857142 0.06696428571428571
0 0.8102678571428571 0.6741071428571429 0.07589285714285714 0.08482142857142858
0 0.9084821428571429 0.7276785714285714 0.07142857142857142 0.08035714285714286
0 0.8392857142857143 0.48214285714285715 0.09821428571428571 0.08482142857142858
0 0.7209821428571429 0.23883928571428573 0.06696428571428571 0.0625
0 0.7834821428571429 0.20982142857142858 0.06696428571428571 0.05803571428571429
0 0.796875 0.11830357142857142 0.049107142857142856 0.08035714285714286