0 0.14285714285714285 0.8236607142857143 0.09375 0.08482142857142858
0 0.07142857142857142 0.4263392857142857 0.11160714285714286 0.08928571428571429
0 0.18526785714285715 0.35044642857142855 0.05357142857142857 0.08482142857142858
0 0.2767857142857143 0.19196428571428573 0.07142857142857142 0.05357142857142857
0 0.4955357142857143 0.09598214285714286 0.09375 0.0625
0 0.49107142857142855 0.2924107142857143 0.08035714285714286 0.06696428571428571
0 0.578125 0.16741071428571427 0.08035714285714286 0.07142857142857142
0 0.734375 0.7879464285714286 0.07589285714285714 0.07589285714285714
0 0.8459821428571429 0.6986607142857143 0.08035714285714286 0.08928571428571429
0 0.953125 0.7566964285714286 0.08035714285714286 0.08928571428571429
0 0.875 0.48660714285714285 0.10714285714285714 0.09375
0 0.7455357142857143 0.21875 0.07142857142857142 0.07142857142857142
0 0.8147321428571429 0.18303571428571427 0.07142857142857142 0.0625
0 0.8303571428571429 0.08258928571428571 0.05357142857142857 0.08928571428571429