0 0.34151785714285715 0.0625 0.05803571428571429 0.07589285714285714
0 0.11383928571428571 0.022321428571428572 0.05357142857142857 0.044642857142857144
0 0.125 0.3950892857142857 0.05580357142857143 0.09598214285714286
0 0.13169642857142858 0.4955357142857143 0.046875 0.06696428571428571
0 0.17857142857142858 0.6897321428571429 0.0625 0.08258928571428571
0 0.27232142857142855 0.7678571428571429 0.060267857142857144 0.08258928571428571
0 0.2857142857142857 0.8482142857142857 0.05803571428571429 0.06919642857142858
0 0.6004464285714286 0.6941964285714286 0.05133928571428571 0.07589285714285714
0 0.6941964285714286 0.75 0.09151785714285714 0.060267857142857144
0 0.7857142857142857 0.8616071428571429 0.08035714285714286 0.09598214285714286
0 0.9642857142857143 0.4575892857142857 0.07142857142857142 0.07589285714285714