0 0.9419642857142857 0.3325892857142857 0.08035714285714286 0.0625
0 0.9821428571428571 0.08705357142857142 0.03571428571428571 0.05803571428571429
0 0.5848214285714286 0.10044642857142858 0.10267857142857142 0.0625
0 0.47767857142857145 0.109375 0.07142857142857142 0.05357142857142857
0 0.26785714285714285 0.15848214285714285 0.08928571428571429 0.06696428571428571
0 0.18526785714285715 0.25892857142857145 0.08928571428571429 0.0625
0 0.09821428571428571 0.27455357142857145 0.07142857142857142 0.0625
0 0.265625 0.6116071428571429 0.08035714285714286 0.05357142857142857
0 0.20535714285714285 0.7142857142857143 0.0625 0.09821428571428571
0 0.08482142857142858 0.8102678571428571 0.10267857142857142 0.08482142857142858
0 0.5200892857142857 0.9821428571428571 0.08035714285714286 0.03571428571428571