0 0.3392857142857143 0.19196428571428573 0.06919642857142858 0.05357142857142857
0 0.41964285714285715 0.12053571428571429 0.07142857142857142 0.09151785714285714
0 0.029017857142857144 0.12946428571428573 0.05580357142857143 0.05133928571428571
0 0.06919642857142858 0.24330357142857142 0.07589285714285714 0.06919642857142858
0 0.29017857142857145 0.5714285714285714 0.08482142857142858 0.07366071428571429
0 0.3794642857142857 0.44419642857142855 0.06919642857142858 0.06919642857142858
0 0.8973214285714286 0.21428571428571427 0.06919642857142858 0.08258928571428571
0 0.8459821428571429 0.07589285714285714 0.09821428571428571 0.060267857142857144
0 0.7991071428571429 0.9174107142857143 0.05580357142857143 0.06696428571428571
0 0.6183035714285714 0.9486607142857143 0.09375 0.044642857142857144
0 0.40625 0.9776785714285714 0.0625 0.044642857142857144