0 0.33705357142857145 0.19196428571428573 0.07142857142857142 0.05357142857142857
0 0.4174107142857143 0.11830357142857142 0.07142857142857142 0.08928571428571429
0 0.026785714285714284 0.12723214285714285 0.05357142857142857 0.05357142857142857
0 0.06696428571428571 0.24330357142857142 0.08035714285714286 0.07142857142857142
0 0.28794642857142855 0.5714285714285714 0.08482142857142858 0.07142857142857142
0 0.3794642857142857 0.44419642857142855 0.07142857142857142 0.07142857142857142
0 0.8995535714285714 0.21428571428571427 0.07142857142857142 0.08035714285714286
0 0.8504464285714286 0.07589285714285714 0.09821428571428571 0.0625
0 0.8035714285714286 0.921875 0.05803571428571429 0.06696428571428571
0 0.6183035714285714 0.953125 0.09375 0.044642857142857144
0 0.40625 0.9799107142857143 0.0625 0.04017857142857143