0 0.20535714285714285 0.42857142857142855 0.08928571428571429 0.07589285714285714
0 0.029017857142857144 0.22544642857142858 0.05357142857142857 0.08035714285714286
0 0.04017857142857143 0.08035714285714286 0.08035714285714286 0.09821428571428571
0 0.13392857142857142 0.12276785714285714 0.08035714285714286 0.0625
0 0.6160714285714286 0.7053571428571429 0.08035714285714286 0.05357142857142857
0 0.6919642857142857 0.6897321428571429 0.05357142857142857 0.05803571428571429
0 0.6495535714285714 0.7611607142857143 0.14285714285714285 0.0625
0 0.9352678571428571 0.49107142857142855 0.10267857142857142 0.08035714285714286
0 0.578125 0.2700892857142857 0.12053571428571429 0.05357142857142857
0 0.578125 0.05580357142857143 0.12946428571428573 0.0625
0 0.8571428571428571 0.16741071428571427 0.07142857142857142 0.08035714285714286