0 0.5870535714285714 0.203125 0.07142857142857142 0.08035714285714286
0 0.7790178571428571 0.03794642857142857 0.07589285714285714 0.05580357142857143
0 0.9174107142857143 0.046875 0.09151785714285714 0.08482142857142858
0 0.8727678571428571 0.13616071428571427 0.05580357142857143 0.07589285714285714
0 0.328125 0.5892857142857143 0.05357142857142857 0.07589285714285714
0 0.34375 0.6584821428571429 0.05357142857142857 0.05133928571428571
0 0.27455357142857145 0.6183035714285714 0.05580357142857143 0.13169642857142858
0 0.5290178571428571 0.8861607142857143 0.078125 0.09598214285714286
0 0.734375 0.5535714285714286 0.05133928571428571 0.11160714285714286
0 0.9352678571428571 0.5513392857142857 0.05803571428571429 0.12276785714285714
0 0.8303571428571429 0.8147321428571429 0.07589285714285714 0.06696428571428571