0 0.18526785714285715 0.2924107142857143 0.07142857142857142 0.09821428571428571
0 0.2857142857142857 0.45089285714285715 0.07589285714285714 0.05357142857142857
0 0.41517857142857145 0.36830357142857145 0.0625 0.09821428571428571
0 0.5022321428571429 0.3638392857142857 0.08035714285714286 0.05803571428571429
0 0.6763392857142857 0.14508928571428573 0.08035714285714286 0.08035714285714286
0 0.6763392857142857 0.28125 0.07142857142857142 0.10714285714285714
0 0.8035714285714286 0.28794642857142855 0.07142857142857142 0.11607142857142858
0 0.7767857142857143 0.7321428571428571 0.07589285714285714 0.06696428571428571
0 0.43973214285714285 0.6629464285714286 0.07142857142857142 0.10714285714285714
0 0.3861607142857143 0.828125 0.06696428571428571 0.11160714285714286
0 0.17410714285714285 0.8370535714285714 0.0625 0.08035714285714286
0 0.06473214285714286 0.9196428571428571 0.05357142857142857 0.07142857142857142
0 0.7053571428571429 0.7633928571428571 0.07142857142857142 0.125
0 0.9620535714285714 0.9598214285714286 0.07142857142857142 0.07589285714285714