0 0.21875 0.31026785714285715 0.06473214285714286 0.09151785714285714
0 0.31473214285714285 0.46205357142857145 0.07142857142857142 0.05133928571428571
0 0.4375 0.38169642857142855 0.060267857142857144 0.09375
0 0.5200892857142857 0.37723214285714285 0.08035714285714286 0.05580357142857143
0 0.6852678571428571 0.16741071428571427 0.07589285714285714 0.07589285714285714
0 0.6852678571428571 0.29910714285714285 0.06919642857142858 0.10267857142857142
0 0.8058035714285714 0.30580357142857145 0.06919642857142858 0.11160714285714286
0 0.78125 0.7276785714285714 0.07366071428571429 0.0625
0 0.45982142857142855 0.6629464285714286 0.07142857142857142 0.09821428571428571
0 0.4107142857142857 0.8214285714285714 0.06473214285714286 0.10714285714285714
0 0.20758928571428573 0.8303571428571429 0.0625 0.08035714285714286
0 0.10491071428571429 0.90625 0.05133928571428571 0.06919642857142858
0 0.7142857142857143 0.7589285714285714 0.06696428571428571 0.11830357142857142
0 0.9575892857142857 0.9464285714285714 0.07142857142857142 0.07366071428571429