0 0.8616071428571429 0.6607142857142857 0.07142857142857142 0.09821428571428571
0 0.7544642857142857 0.49330357142857145 0.08035714285714286 0.05803571428571429
0 0.6183035714285714 0.5803571428571429 0.06696428571428571 0.10267857142857142
0 0.5267857142857143 0.5848214285714286 0.08928571428571429 0.0625
0 0.34375 0.8169642857142857 0.08482142857142858 0.08482142857142858
0 0.34375 0.671875 0.07589285714285714 0.11160714285714286
0 0.20982142857142858 0.6651785714285714 0.07589285714285714 0.125
0 0.23660714285714285 0.19866071428571427 0.08035714285714286 0.07142857142857142
0 0.59375 0.2700892857142857 0.08035714285714286 0.10714285714285714
0 0.6495535714285714 0.09598214285714286 0.07142857142857142 0.11607142857142858
0 0.875 0.08705357142857142 0.07142857142857142 0.08928571428571429
0 0.9799107142857143 0.020089285714285716 0.04017857142857143 0.03571428571428571
0 0.3125 0.16517857142857142 0.07142857142857142 0.13392857142857142