0 0.7366071428571429 0.17633928571428573 0.0625 0.06696428571428571
0 0.921875 0.05803571428571429 0.07589285714285714 0.08035714285714286
0 0.9352678571428571 0.25669642857142855 0.05803571428571429 0.09821428571428571
0 0.6741071428571429 0.8214285714285714 0.0625 0.08035714285714286
0 0.42857142857142855 0.4486607142857143 0.05357142857142857 0.07142857142857142
0 0.3236607142857143 0.26339285714285715 0.044642857142857144 0.0625
0 0.47544642857142855 0.234375 0.05357142857142857 0.0625
0 0.25 0.27232142857142855 0.0625 0.08035714285714286
0 0.13169642857142858 0.3392857142857143 0.0625 0.07142857142857142
0 0.078125 0.4486607142857143 0.07142857142857142 0.07142857142857142
0 0.08705357142857142 0.5401785714285714 0.0625 0.08482142857142858
0 0.25892857142857145 0.5223214285714286 0.05357142857142857 0.07589285714285714
0 0.15401785714285715 0.8058035714285714 0.08035714285714286 0.08928571428571429
0 0.5223214285714286 0.42857142857142855 0.0625 0.08928571428571429