0 0.29017857142857145 0.7924107142857143 0.05803571428571429 0.06696428571428571
0 0.11160714285714286 0.9084821428571429 0.07142857142857142 0.07589285714285714
0 0.09821428571428571 0.7165178571428571 0.05357142857142857 0.09375
0 0.35267857142857145 0.16741071428571427 0.05803571428571429 0.08035714285714286
0 0.5892857142857143 0.5290178571428571 0.05357142857142857 0.06696428571428571
0 0.6897321428571429 0.7075892857142857 0.044642857142857144 0.0625
0 0.5446428571428571 0.7366071428571429 0.05357142857142857 0.05803571428571429
0 0.7633928571428571 0.6986607142857143 0.0625 0.08035714285714286
0 0.8772321428571429 0.6361607142857143 0.05803571428571429 0.07142857142857142
0 0.9308035714285714 0.5290178571428571 0.06696428571428571 0.06696428571428571
0 0.9196428571428571 0.43973214285714285 0.05803571428571429 0.08035714285714286
0 0.7544642857142857 0.4575892857142857 0.05357142857142857 0.07142857142857142
0 0.8571428571428571 0.18303571428571427 0.08035714285714286 0.08482142857142858
0 0.5 0.546875 0.0625 0.08035714285714286