0 0.29017857142857145 0.20535714285714285 0.05803571428571429 0.06473214285714286
0 0.11607142857142858 0.09375 0.07142857142857142 0.07366071428571429
0 0.10267857142857142 0.28125 0.05580357142857143 0.09151785714285714
0 0.35044642857142855 0.8169642857142857 0.05803571428571429 0.07589285714285714
0 0.5848214285714286 0.4642857142857143 0.05133928571428571 0.06473214285714286
0 0.6830357142857143 0.29017857142857145 0.04241071428571429 0.060267857142857144
0 0.5379464285714286 0.2611607142857143 0.049107142857142856 0.05580357142857143
0 0.7522321428571429 0.296875 0.060267857142857144 0.07589285714285714
0 0.8638392857142857 0.359375 0.05580357142857143 0.06919642857142858
0 0.9151785714285714 0.4642857142857143 0.06696428571428571 0.06473214285714286
0 0.90625 0.5491071428571429 0.05580357142857143 0.08035714285714286
0 0.7433035714285714 0.5334821428571429 0.05133928571428571 0.07142857142857142
0 0.84375 0.8013392857142857 0.078125 0.08258928571428571
0 0.4955357142857143 0.44642857142857145 0.060267857142857144 0.08035714285714286