0 0.4732142857142857 0.3705357142857143 0.078125 0.07589285714285714
0 0.45089285714285715 0.43526785714285715 0.06919642857142858 0.07366071428571429
0 0.42410714285714285 0.515625 0.078125 0.07589285714285714
0 0.765625 0.44419642857142855 0.060267857142857144 0.08482142857142858
0 0.7388392857142857 0.5334821428571429 0.08705357142857142 0.06919642857142858
0 0.9241071428571429 0.453125 0.07366071428571429 0.060267857142857144
0 0.9107142857142857 0.5044642857142857 0.07142857142857142 0.05580357142857143
0 0.31919642857142855 0.6986607142857143 0.08928571428571429 0.0625
0 0.28794642857142855 0.7723214285714286 0.09151785714285714 0.05803571428571429
0 0.09821428571428571 0.8348214285714286 0.07142857142857142 0.08928571428571429
0 0.25892857142857145 0.8683035714285714 0.11383928571428571 0.06919642857142858
0 0.7254464285714286 0.9665178571428571 0.08482142857142858 0.06473214285714286
0 0.6986607142857143 0.6339285714285714 0.05580357142857143 0.07589285714285714