0 0.49107142857142855 0.59375 0.08928571428571429 0.08482142857142858
0 0.515625 0.5200892857142857 0.08035714285714286 0.08482142857142858
0 0.546875 0.42857142857142855 0.08928571428571429 0.08928571428571429
0 0.15625 0.5111607142857143 0.07142857142857142 0.09821428571428571
0 0.1875 0.40848214285714285 0.10267857142857142 0.08035714285714286
0 0.011160714285714286 0.5022321428571429 0.022321428571428572 0.06696428571428571
0 0.017857142857142856 0.4419642857142857 0.03571428571428571 0.0625
0 0.6651785714285714 0.21875 0.09821428571428571 0.07142857142857142
0 0.7008928571428571 0.13616071428571427 0.10714285714285714 0.06696428571428571
0 0.9151785714285714 0.06696428571428571 0.08035714285714286 0.09821428571428571
0 0.734375 0.033482142857142856 0.12946428571428573 0.06696428571428571
0 0.23214285714285715 0.29464285714285715 0.0625 0.08928571428571429