0 0.3794642857142857 0.43973214285714285 0.08035714285714286 0.08482142857142858
0 0.4486607142857143 0.41517857142857145 0.08035714285714286 0.07589285714285714
0 0.5357142857142857 0.3861607142857143 0.08035714285714286 0.08482142857142858
0 0.4575892857142857 0.7589285714285714 0.09375 0.0625
0 0.5580357142857143 0.7299107142857143 0.07589285714285714 0.09821428571428571
0 0.46875 0.9285714285714286 0.0625 0.08035714285714286
0 0.5267857142857143 0.9129464285714286 0.0625 0.08035714285714286
0 0.7366071428571429 0.2700892857142857 0.06696428571428571 0.09821428571428571
0 0.8169642857142857 0.23883928571428573 0.0625 0.09821428571428571
0 0.8816964285714286 0.03571428571428571 0.09821428571428571 0.07142857142857142
0 0.921875 0.20758928571428573 0.07589285714285714 0.125
0 0.6674107142857143 0.6852678571428571 0.08035714285714286 0.0625