0 0.7053571428571429 0.9419642857142857 0.07142857142857142 0.05803571428571429
0 0.78125 0.8571428571428571 0.08035714285714286 0.06696428571428571
0 0.4732142857142857 0.7678571428571429 0.07142857142857142 0.08928571428571429
0 0.2857142857142857 0.9620535714285714 0.07589285714285714 0.07142857142857142
0 0.15848214285714285 0.859375 0.05357142857142857 0.08482142857142858
0 0.19642857142857142 0.6428571428571429 0.05803571428571429 0.05357142857142857
0 0.3861607142857143 0.5089285714285714 0.05803571428571429 0.07142857142857142
0 0.46875 0.5424107142857143 0.0625 0.0625
0 0.6763392857142857 0.36830357142857145 0.05357142857142857 0.049107142857142856
0 0.7834821428571429 0.27901785714285715 0.05803571428571429 0.05803571428571429
0 0.6741071428571429 0.14955357142857142 0.07142857142857142 0.07142857142857142
0 0.43080357142857145 0.21651785714285715 0.0625 0.08482142857142858
0 0.3169642857142857 0.21205357142857142 0.0625 0.07142857142857142
0 0.3392857142857143 0.03571428571428571 0.05803571428571429 0.07142857142857142
0 0.20758928571428573 0.12946428571428573 0.08035714285714286 0.09821428571428571
0 0.11160714285714286 0.10044642857142858 0.0625 0.06696428571428571
0 0.06696428571428571 0.48660714285714285 0.0625 0.049107142857142856
0 0.022321428571428572 0.45089285714285715 0.044642857142857144 0.07589285714285714