0 0.05803571428571429 0.29464285714285715 0.05803571428571429 0.07142857142857142
0 0.14285714285714285 0.21875 0.06696428571428571 0.078125
0 0.23214285714285715 0.5267857142857143 0.08928571428571429 0.06919642857142858
0 0.03794642857142857 0.7142857142857143 0.07366071428571429 0.07589285714285714
0 0.140625 0.8415178571428571 0.08705357142857142 0.05133928571428571
0 0.35714285714285715 0.8035714285714286 0.05357142857142857 0.05803571428571429
0 0.49107142857142855 0.6138392857142857 0.07142857142857142 0.05803571428571429
0 0.4575892857142857 0.53125 0.060267857142857144 0.060267857142857144
0 0.6316964285714286 0.3236607142857143 0.049107142857142856 0.05580357142857143
0 0.7209821428571429 0.21651785714285715 0.05803571428571429 0.05803571428571429
0 0.8504464285714286 0.32589285714285715 0.07142857142857142 0.07142857142857142
0 0.7834821428571429 0.5691964285714286 0.08482142857142858 0.060267857142857144
0 0.7879464285714286 0.6830357142857143 0.07142857142857142 0.0625
0 0.9642857142857143 0.6607142857142857 0.07142857142857142 0.05803571428571429
0 0.8705357142857143 0.7924107142857143 0.09821428571428571 0.08035714285714286
0 0.8995535714285714 0.8883928571428571 0.06696428571428571 0.060267857142857144
0 0.5133928571428571 0.9330357142857143 0.049107142857142856 0.0625
0 0.5491071428571429 0.9776785714285714 0.07589285714285714 0.044642857142857144