0 0.13392857142857142 0.03571428571428571 0.08928571428571429 0.07142857142857142
0 0.4888392857142857 0.13839285714285715 0.08035714285714286 0.10267857142857142
0 0.8482142857142857 0.04241071428571429 0.05803571428571429 0.08482142857142858
0 0.8058035714285714 0.28125 0.06696428571428571 0.0625
0 0.5892857142857143 0.43526785714285715 0.0625 0.08035714285714286
0 0.4955357142857143 0.39732142857142855 0.06696428571428571 0.07142857142857142
0 0.25669642857142855 0.59375 0.0625 0.05357142857142857
0 0.13392857142857142 0.6964285714285714 0.06696428571428571 0.06696428571428571
0 0.25892857142857145 0.84375 0.08035714285714286 0.08035714285714286
0 0.5357142857142857 0.7678571428571429 0.07142857142857142 0.09821428571428571
0 0.6674107142857143 0.7723214285714286 0.07142857142857142 0.08035714285714286
0 0.640625 0.9665178571428571 0.0625 0.06696428571428571
0 0.7924107142857143 0.8683035714285714 0.08928571428571429 0.11160714285714286
0 0.9017857142857143 0.9017857142857143 0.07142857142857142 0.07589285714285714
0 0.953125 0.45982142857142855 0.07142857142857142 0.05357142857142857
0 0.9888392857142857 0.49776785714285715 0.022321428571428572 0.08482142857142858