0 0.23660714285714285 0.296875 0.05357142857142857 0.0625
0 0.25669642857142855 0.39285714285714285 0.05357142857142857 0.08035714285714286
0 0.13169642857142858 0.0625 0.07142857142857142 0.08928571428571429
0 0.033482142857142856 0.08705357142857142 0.06696428571428571 0.07589285714285714
0 0.015625 0.013392857142857142 0.026785714285714284 0.026785714285714284
0 0.21651785714285715 0.7276785714285714 0.08035714285714286 0.06696428571428571
0 0.3392857142857143 0.5558035714285714 0.0625 0.09821428571428571
0 0.5178571428571429 0.7566964285714286 0.08035714285714286 0.07142857142857142
0 0.7522321428571429 0.5691964285714286 0.0625 0.07142857142857142
0 0.7276785714285714 0.18303571428571427 0.08035714285714286 0.08928571428571429
0 0.8816964285714286 0.6316964285714286 0.08035714285714286 0.07142857142857142