0 0.29464285714285715 0.23883928571428573 0.05803571428571429 0.049107142857142856
0 0.3861607142857143 0.25892857142857145 0.078125 0.049107142857142856
0 0.06919642857142858 0.13839285714285715 0.08705357142857142 0.07142857142857142
0 0.09598214285714286 0.04017857142857143 0.07142857142857142 0.07589285714285714
0 0.017857142857142856 0.022321428571428572 0.033482142857142856 0.03571428571428571
0 0.7075892857142857 0.21875 0.0625 0.078125
0 0.5424107142857143 0.33705357142857145 0.09375 0.05803571428571429
0 0.734375 0.5111607142857143 0.06919642857142858 0.07366071428571429
0 0.5535714285714286 0.7366071428571429 0.06696428571428571 0.060267857142857144
0 0.18526785714285715 0.7120535714285714 0.08482142857142858 0.07366071428571429
0 0.6160714285714286 0.859375 0.06919642857142858 0.07589285714285714