0 0.7455357142857143 0.29910714285714285 0.05357142857142857 0.0625
0 0.7254464285714286 0.39955357142857145 0.05357142857142857 0.08928571428571429
0 0.8571428571428571 0.049107142857142856 0.08035714285714286 0.09821428571428571
0 0.9620535714285714 0.078125 0.07589285714285714 0.08035714285714286
0 0.9821428571428571 0.004464285714285714 0.03571428571428571 0.008928571428571428
0 0.7678571428571429 0.7566964285714286 0.08482142857142858 0.07142857142857142
0 0.6361607142857143 0.5736607142857143 0.0625 0.10714285714285714
0 0.44642857142857145 0.7879464285714286 0.08035714285714286 0.07589285714285714
0 0.19642857142857142 0.5870535714285714 0.0625 0.07589285714285714
0 0.22321428571428573 0.17857142857142858 0.08035714285714286 0.09375
0 0.060267857142857144 0.65625 0.08035714285714286 0.07589285714285714