0 0.328125 0.22767857142857142 0.0625 0.06696428571428571
0 0.38392857142857145 0.11383928571428571 0.060267857142857144 0.08482142857142858
0 0.234375 0.5803571428571429 0.05357142857142857 0.0625
0 0.026785714285714284 0.8459821428571429 0.04241071428571429 0.06473214285714286
0 0.46875 0.6517857142857143 0.07142857142857142 0.0625
0 0.43080357142857145 0.7477678571428571 0.06473214285714286 0.07142857142857142
0 0.6473214285714286 0.20982142857142858 0.05580357142857143 0.0625
0 0.6875 0.24776785714285715 0.078125 0.09598214285714286
0 0.8950892857142857 0.546875 0.05803571428571429 0.06696428571428571
0 0.9308035714285714 0.6205357142857143 0.078125 0.07589285714285714
0 0.9330357142857143 0.7232142857142857 0.0625 0.07589285714285714
0 0.43526785714285715 0.9040178571428571 0.06696428571428571 0.05803571428571429
0 0.390625 0.9799107142857143 0.0625 0.04017857142857143