0 0.35044642857142855 0.7544642857142857 0.07142857142857142 0.07142857142857142
0 0.41294642857142855 0.8794642857142857 0.0625 0.08928571428571429
0 0.25 0.3705357142857143 0.05803571428571429 0.07142857142857142
0 0.024553571428571428 0.08258928571428571 0.049107142857142856 0.07142857142857142
0 0.5044642857142857 0.2924107142857143 0.08035714285714286 0.07142857142857142
0 0.46205357142857145 0.1875 0.07142857142857142 0.08035714285714286
0 0.6986607142857143 0.7745535714285714 0.0625 0.06696428571428571
0 0.7433035714285714 0.7321428571428571 0.08482142857142858 0.10714285714285714
0 0.96875 0.40625 0.0625 0.07142857142857142
0 0.9821428571428571 0.328125 0.03571428571428571 0.08035714285714286
0 0.9866071428571429 0.21428571428571427 0.026785714285714284 0.08035714285714286
0 0.46875 0.026785714285714284 0.07142857142857142 0.05357142857142857