0 0.765625 0.33035714285714285 0.07142857142857142 0.06696428571428571
0 0.8883928571428571 0.39285714285714285 0.08928571428571429 0.0625
0 0.3861607142857143 0.22991071428571427 0.06696428571428571 0.05803571428571429
0 0.10491071428571429 0.013392857142857142 0.06696428571428571 0.026785714285714284
0 0.31026785714285715 0.484375 0.06696428571428571 0.07589285714285714
0 0.20535714285714285 0.4419642857142857 0.08035714285714286 0.07142857142857142
0 0.7857142857142857 0.6763392857142857 0.06696428571428571 0.05803571428571429
0 0.7433035714285714 0.71875 0.10267857142857142 0.08482142857142858
0 0.421875 0.9419642857142857 0.07142857142857142 0.0625
0 0.34375 0.96875 0.08035714285714286 0.0625
0 0.23660714285714285 0.9732142857142857 0.08035714285714286 0.05357142857142857
0 0.03794642857142857 0.4486607142857143 0.0625 0.07142857142857142