0 0.16294642857142858 0.7924107142857143 0.13392857142857142 0.125
0 0.10714285714285714 0.7120535714285714 0.08035714285714286 0.0625
0 0.32142857142857145 0.6919642857142857 0.08035714285714286 0.08035714285714286
0 0.6339285714285714 0.6450892857142857 0.12053571428571429 0.10714285714285714
0 0.49330357142857145 0.5446428571428571 0.08035714285714286 0.07589285714285714
0 0.5491071428571429 0.265625 0.08928571428571429 0.07142857142857142
0 0.6875 0.4330357142857143 0.08035714285714286 0.08035714285714286
0 0.7455357142857143 0.8058035714285714 0.07589285714285714 0.09821428571428571
0 0.921875 0.7834821428571429 0.08928571428571429 0.08035714285714286
0 0.9620535714285714 0.7276785714285714 0.06696428571428571 0.06696428571428571
0 0.7834821428571429 0.022321428571428572 0.10714285714285714 0.044642857142857144