0 0.20758928571428573 0.16517857142857142 0.12276785714285714 0.13392857142857142
0 0.28794642857142855 0.10714285714285714 0.06473214285714286 0.078125
0 0.3080357142857143 0.32142857142857145 0.08258928571428571 0.08035714285714286
0 0.3549107142857143 0.6316964285714286 0.10491071428571429 0.12053571428571429
0 0.453125 0.49107142857142855 0.07589285714285714 0.08035714285714286
0 0.7299107142857143 0.546875 0.07142857142857142 0.08705357142857142
0 0.5625 0.6852678571428571 0.08258928571428571 0.08035714285714286
0 0.19419642857142858 0.7433035714285714 0.09375 0.07589285714285714
0 0.21651785714285715 0.9174107142857143 0.08258928571428571 0.08482142857142858
0 0.27232142857142855 0.9575892857142857 0.06696428571428571 0.06696428571428571
0 0.9732142857142857 0.78125 0.05357142857142857 0.10714285714285714