0 0.17633928571428573 0.024553571428571428 0.05580357142857143 0.049107142857142856
0 0.20982142857142858 0.21205357142857142 0.046875 0.0625
0 0.28348214285714285 0.20982142857142858 0.05357142857142857 0.060267857142857144
0 0.3705357142857143 0.23214285714285715 0.049107142857142856 0.0625
0 0.44419642857142855 0.234375 0.049107142857142856 0.05357142857142857
0 0.7745535714285714 0.23660714285714285 0.04241071428571429 0.060267857142857144
0 0.9464285714285714 0.18303571428571427 0.046875 0.0625
0 0.9441964285714286 0.2767857142857143 0.05357142857142857 0.06473214285714286
0 0.9084821428571429 0.359375 0.05357142857142857 0.07142857142857142
0 0.890625 0.6629464285714286 0.05580357142857143 0.078125
0 0.9910714285714286 0.4419642857142857 0.017857142857142856 0.03571428571428571
0 0.9866071428571429 0.5982142857142857 0.022321428571428572 0.046875
0 0.3638392857142857 0.7611607142857143 0.05580357142857143 0.09598214285714286
0 0.18080357142857142 0.8772321428571429 0.05803571428571429 0.06919642857142858
0 0.044642857142857144 0.859375 0.060267857142857144 0.044642857142857144
0 0.5178571428571429 0.8772321428571429 0.044642857142857144 0.06919642857142858