0 0.828125 0.9799107142857143 0.05357142857142857 0.04017857142857143
0 0.7946428571428571 0.7924107142857143 0.049107142857142856 0.0625
0 0.7209821428571429 0.7946428571428571 0.05357142857142857 0.0625
0 0.6316964285714286 0.7745535714285714 0.05357142857142857 0.0625
0 0.5558035714285714 0.7700892857142857 0.049107142857142856 0.05357142857142857
0 0.22098214285714285 0.7678571428571429 0.044642857142857144 0.0625
0 0.044642857142857144 0.8236607142857143 0.049107142857142856 0.0625
0 0.049107142857142856 0.7276785714285714 0.05803571428571429 0.0625
0 0.08482142857142858 0.6450892857142857 0.05357142857142857 0.07142857142857142
0 0.10267857142857142 0.33482142857142855 0.05803571428571429 0.08035714285714286
0 0.004464285714285714 0.5602678571428571 0.008928571428571428 0.03571428571428571
0 0.008928571428571428 0.4017857142857143 0.017857142857142856 0.044642857142857144
0 0.6383928571428571 0.23660714285714285 0.05357142857142857 0.09821428571428571
0 0.8258928571428571 0.11830357142857142 0.05803571428571429 0.07142857142857142
0 0.9642857142857143 0.13616071428571427 0.0625 0.044642857142857144
0 0.48214285714285715 0.11830357142857142 0.044642857142857144 0.07142857142857142