0 0.9888392857142857 0.16964285714285715 0.017857142857142856 0.05803571428571429
0 0.8102678571428571 0.20535714285714285 0.0625 0.049107142857142856
0 0.8102678571428571 0.28125 0.0625 0.05357142857142857
0 0.7879464285714286 0.3705357142857143 0.0625 0.05357142857142857
0 0.7857142857142857 0.4486607142857143 0.05357142857142857 0.05357142857142857
0 0.7834821428571429 0.7924107142857143 0.0625 0.044642857142857144
0 0.8392857142857143 0.9709821428571429 0.0625 0.049107142857142856
0 0.7433035714285714 0.96875 0.06696428571428571 0.05357142857142857
0 0.65625 0.9308035714285714 0.07142857142857142 0.05803571428571429
0 0.34151785714285715 0.9129464285714286 0.08035714285714286 0.05803571428571429
0 0.23883928571428573 0.3638392857142857 0.09821428571428571 0.05803571428571429
0 0.11830357142857142 0.17410714285714285 0.07142857142857142 0.0625
0 0.13616071428571427 0.03125 0.044642857142857144 0.0625
0 0.11830357142857142 0.5267857142857143 0.07142857142857142 0.044642857142857144