0 0.8214285714285714 0.8325892857142857 0.08035714285714286 0.07589285714285714
0 0.7455357142857143 0.609375 0.07142857142857142 0.08035714285714286
0 0.6875 0.47767857142857145 0.09821428571428571 0.12053571428571429
0 0.8526785714285714 0.16071428571428573 0.05357142857142857 0.08928571428571429
0 0.6651785714285714 0.14508928571428573 0.07142857142857142 0.09821428571428571
0 0.5959821428571429 0.05580357142857143 0.0625 0.09821428571428571
0 0.39955357142857145 0.19196428571428573 0.08035714285714286 0.08482142857142858
0 0.28125 0.671875 0.06696428571428571 0.06696428571428571
0 0.34375 0.8839285714285714 0.0625 0.08035714285714286
0 0.5714285714285714 0.9754464285714286 0.07142857142857142 0.049107142857142856
0 0.5111607142857143 0.8816964285714286 0.07142857142857142 0.07589285714285714
0 0.026785714285714284 0.890625 0.05357142857142857 0.07589285714285714
0 0.16517857142857142 0.5424107142857143 0.07142857142857142 0.08035714285714286
0 0.16964285714285715 0.6227678571428571 0.06696428571428571 0.08035714285714286