0 0.125 0.171875 0.08035714285714286 0.07142857142857142
0 0.19642857142857142 0.390625 0.07142857142857142 0.07589285714285714
0 0.25223214285714285 0.5200892857142857 0.09821428571428571 0.11607142857142858
0 0.09375 0.828125 0.05803571428571429 0.08928571428571429
0 0.2767857142857143 0.84375 0.06696428571428571 0.09375
0 0.34375 0.9308035714285714 0.0625 0.09375
0 0.5334821428571429 0.796875 0.08035714285714286 0.08035714285714286
0 0.6517857142857143 0.33035714285714285 0.07142857142857142 0.0625
0 0.5892857142857143 0.12276785714285714 0.0625 0.07589285714285714
0 0.36830357142857145 0.029017857142857144 0.06696428571428571 0.05803571428571429
0 0.4263392857142857 0.125 0.06696428571428571 0.07142857142857142
0 0.9084821428571429 0.11830357142857142 0.07142857142857142 0.07142857142857142
0 0.7633928571428571 0.45535714285714285 0.06696428571428571 0.08482142857142858
0 0.7589285714285714 0.3794642857142857 0.0625 0.08035714285714286