0 0.22321428571428573 0.19642857142857142 0.07142857142857142 0.06473214285714286
0 0.28794642857142855 0.38839285714285715 0.0625 0.06696428571428571
0 0.33705357142857145 0.5 0.08482142857142858 0.10491071428571429
0 0.017857142857142856 0.43973214285714285 0.03125 0.03571428571428571
0 0.006696428571428571 0.5959821428571429 0.013392857142857142 0.03125
0 0.19642857142857142 0.7723214285714286 0.049107142857142856 0.07589285714285714
0 0.35714285714285715 0.7857142857142857 0.05803571428571429 0.08258928571428571
0 0.41517857142857145 0.8616071428571429 0.05357142857142857 0.08258928571428571
0 0.5825892857142857 0.7455357142857143 0.06919642857142858 0.07366071428571429
0 0.6852678571428571 0.33482142857142855 0.060267857142857144 0.05803571428571429
0 0.6316964285714286 0.15178571428571427 0.05357142857142857 0.06696428571428571
0 0.43973214285714285 0.06473214285714286 0.060267857142857144 0.06473214285714286
0 0.48660714285714285 0.15401785714285715 0.05803571428571429 0.06473214285714286
0 0.9129464285714286 0.14732142857142858 0.060267857142857144 0.06473214285714286
0 0.7857142857142857 0.44419642857142855 0.060267857142857144 0.07142857142857142
0 0.78125 0.37723214285714285 0.05580357142857143 0.07142857142857142