0 0.7388392857142857 0.203125 0.08928571428571429 0.06696428571428571
0 0.6473214285714286 0.14955357142857142 0.07142857142857142 0.07142857142857142
0 0.5245535714285714 0.14955357142857142 0.05357142857142857 0.0625
0 0.6294642857142857 0.36160714285714285 0.07142857142857142 0.05803571428571429
0 0.6361607142857143 0.40625 0.05357142857142857 0.05357142857142857
0 0.7924107142857143 0.5267857142857143 0.06696428571428571 0.08482142857142858
0 0.8660714285714286 0.40848214285714285 0.08928571428571429 0.07589285714285714
0 0.9642857142857143 0.22991071428571427 0.07142857142857142 0.07589285714285714
0 0.23214285714285715 0.5357142857142857 0.05803571428571429 0.049107142857142856
0 0.026785714285714284 0.7165178571428571 0.05357142857142857 0.07142857142857142
0 0.38392857142857145 0.9129464285714286 0.07142857142857142 0.06696428571428571
0 0.28125 0.8973214285714286 0.06696428571428571 0.0625