0 0.7053571428571429 0.8459821428571429 0.09821428571428571 0.07589285714285714
0 0.6026785714285714 0.90625 0.08035714285714286 0.08035714285714286
0 0.46875 0.9040178571428571 0.0625 0.07142857142857142
0 0.5848214285714286 0.671875 0.08035714285714286 0.0625
0 0.5915178571428571 0.6227678571428571 0.0625 0.05803571428571429
0 0.7633928571428571 0.49107142857142855 0.07142857142857142 0.09375
0 0.8459821428571429 0.6205357142857143 0.09821428571428571 0.08035714285714286
0 0.9553571428571429 0.8125 0.08928571428571429 0.08482142857142858
0 0.14732142857142858 0.48214285714285715 0.0625 0.05357142857142857
0 0.3125 0.06696428571428571 0.07589285714285714 0.07142857142857142
0 0.20089285714285715 0.08258928571428571 0.07142857142857142 0.0625