0 0.20982142857142858 0.27455357142857145 0.06473214285714286 0.08482142857142858
0 0.15848214285714285 0.3638392857142857 0.07142857142857142 0.06919642857142858
0 0.16071428571428573 0.48214285714285715 0.060267857142857144 0.05357142857142857
0 0.3638392857142857 0.38169642857142855 0.05580357142857143 0.07142857142857142
0 0.40625 0.375 0.05133928571428571 0.05357142857142857
0 0.5200892857142857 0.22321428571428573 0.08035714285714286 0.06473214285714286
0 0.40848214285714285 0.15401785714285715 0.07366071428571429 0.08482142857142858
0 0.23883928571428573 0.05133928571428571 0.07366071428571429 0.08928571428571429
0 0.5290178571428571 0.7633928571428571 0.046875 0.05580357142857143
0 0.7053571428571429 0.9665178571428571 0.06919642857142858 0.05803571428571429
0 0.8928571428571429 0.6183035714285714 0.06473214285714286 0.06696428571428571
0 0.8772321428571429 0.7165178571428571 0.05803571428571429 0.06473214285714286