0 0.22991071428571427 0.765625 0.08482142857142858 0.08928571428571429
0 0.05133928571428571 0.41964285714285715 0.08928571428571429 0.07142857142857142
0 0.5625 0.7834821428571429 0.07142857142857142 0.07589285714285714
0 0.6941964285714286 0.7745535714285714 0.08035714285714286 0.08035714285714286
0 0.8638392857142857 0.5580357142857143 0.07142857142857142 0.08035714285714286
0 0.609375 0.45535714285714285 0.07589285714285714 0.07142857142857142
0 0.8459821428571429 0.43526785714285715 0.07142857142857142 0.07589285714285714
0 0.7611607142857143 0.5691964285714286 0.08035714285714286 0.11607142857142858
0 0.5714285714285714 0.3794642857142857 0.08035714285714286 0.09821428571428571
0 0.9888392857142857 0.8325892857142857 0.017857142857142856 0.08482142857142858
0 0.96875 0.9799107142857143 0.0625 0.04017857142857143