0 0.22991071428571427 0.27232142857142855 0.07366071428571429 0.078125
0 0.078125 0.5691964285714286 0.07589285714285714 0.0625
0 0.515625 0.25892857142857145 0.05803571428571429 0.06473214285714286
0 0.6294642857142857 0.265625 0.06696428571428571 0.06696428571428571
0 0.7745535714285714 0.45089285714285715 0.05803571428571429 0.06696428571428571
0 0.5558035714285714 0.5401785714285714 0.06473214285714286 0.05803571428571429
0 0.7589285714285714 0.5558035714285714 0.06473214285714286 0.06473214285714286
0 0.6875 0.4419642857142857 0.06919642857142858 0.10044642857142858
0 0.5245535714285714 0.6049107142857143 0.06919642857142858 0.08705357142857142
0 0.9174107142857143 0.21875 0.08258928571428571 0.07142857142857142
0 0.7901785714285714 0.033482142857142856 0.07142857142857142 0.06473214285714286
0 0.8705357142857143 0.07366071428571429 0.06473214285714286 0.06919642857142858
0 0.9799107142857143 0.4107142857142857 0.04017857142857143 0.07589285714285714
0 0.9486607142857143 0.29464285714285715 0.06696428571428571 0.07142857142857142