0 0.21651785714285715 0.21875 0.08035714285714286 0.08928571428571429
0 0.046875 0.546875 0.08482142857142858 0.06696428571428571
0 0.5334821428571429 0.203125 0.0625 0.07142857142857142
0 0.6584821428571429 0.21205357142857142 0.07142857142857142 0.07142857142857142
0 0.8191964285714286 0.41517857142857145 0.0625 0.07142857142857142
0 0.5758928571428571 0.5133928571428571 0.07142857142857142 0.0625
0 0.8013392857142857 0.53125 0.07142857142857142 0.07142857142857142
0 0.7209821428571429 0.40401785714285715 0.08035714285714286 0.11160714285714286
0 0.5401785714285714 0.5848214285714286 0.07589285714285714 0.09821428571428571
0 0.9642857142857143 0.15625 0.07142857142857142 0.08035714285714286
0 0.9241071428571429 0.017857142857142856 0.07142857142857142 0.03571428571428571
0 0.9866071428571429 0.24107142857142858 0.026785714285714284 0.08035714285714286