0 0.044642857142857144 0.10044642857142858 0.049107142857142856 0.060267857142857144
0 0.08928571428571429 0.15178571428571427 0.06473214285714286 0.07589285714285714
0 0.020089285714285716 0.18526785714285715 0.03571428571428571 0.07142857142857142
0 0.328125 0.42410714285714285 0.07589285714285714 0.07589285714285714
0 0.2924107142857143 0.6897321428571429 0.06696428571428571 0.07366071428571429
0 0.5491071428571429 0.8035714285714286 0.05803571428571429 0.06696428571428571
0 0.5870535714285714 0.9129464285714286 0.0625 0.060267857142857144
0 0.4642857142857143 0.8883928571428571 0.05357142857142857 0.060267857142857144
0 0.6383928571428571 0.23660714285714285 0.0625 0.078125
0 0.84375 0.16071428571428573 0.08035714285714286 0.05133928571428571
0 0.828125 0.05580357142857143 0.06919642857142858 0.06473214285714286