0 0.08482142857142858 0.9553571428571429 0.0625 0.05357142857142857
0 0.13616071428571427 0.9107142857142857 0.08035714285714286 0.06696428571428571
0 0.171875 0.9799107142857143 0.07142857142857142 0.04017857142857143
0 0.421875 0.6607142857142857 0.08035714285714286 0.08035714285714286
0 0.6964285714285714 0.6986607142857143 0.07589285714285714 0.07142857142857142
0 0.8125 0.42857142857142855 0.07142857142857142 0.0625
0 0.9263392857142857 0.390625 0.0625 0.0625
0 0.9017857142857143 0.5200892857142857 0.0625 0.05357142857142857
0 0.22544642857142858 0.33705357142857145 0.08035714285714286 0.0625
0 0.14732142857142858 0.125 0.05357142857142857 0.08482142857142858
0 0.03794642857142857 0.140625 0.06696428571428571 0.07142857142857142