0 0.9040178571428571 0.5625 0.08035714285714286 0.08928571428571429
0 0.984375 0.4575892857142857 0.03125 0.08035714285714286
0 0.9776785714285714 0.9709821428571429 0.044642857142857144 0.05803571428571429
0 0.8616071428571429 0.8370535714285714 0.05803571428571429 0.08035714285714286
0 0.7678571428571429 0.7767857142857143 0.07142857142857142 0.07589285714285714
0 0.6986607142857143 0.7388392857142857 0.06696428571428571 0.07142857142857142
0 0.6339285714285714 0.703125 0.07142857142857142 0.07142857142857142
0 0.39955357142857145 0.7299107142857143 0.07589285714285714 0.06696428571428571
0 0.359375 0.6875 0.07142857142857142 0.07589285714285714
0 0.30357142857142855 0.20535714285714285 0.05357142857142857 0.0625
0 0.5892857142857143 0.044642857142857144 0.07142857142857142 0.06696428571428571
0 0.0625 0.07366071428571429 0.07142857142857142 0.07142857142857142