0 0.5290178571428571 0.8772321428571429 0.08482142857142858 0.08035714285714286
0 0.42410714285714285 0.9709821428571429 0.08035714285714286 0.05803571428571429
0 0.35267857142857145 0.9888392857142857 0.09821428571428571 0.022321428571428572
0 0.9464285714285714 0.9575892857142857 0.07142857142857142 0.0625
0 0.8035714285714286 0.8370535714285714 0.08035714285714286 0.05803571428571429
0 0.7433035714285714 0.7433035714285714 0.07589285714285714 0.06696428571428571
0 0.7053571428571429 0.6763392857142857 0.07142857142857142 0.0625
0 0.6696428571428571 0.6116071428571429 0.07142857142857142 0.07142857142857142
0 0.6964285714285714 0.3794642857142857 0.06696428571428571 0.07589285714285714
0 0.6540178571428571 0.3392857142857143 0.07589285714285714 0.07142857142857142
0 0.17633928571428573 0.28348214285714285 0.0625 0.05357142857142857
0 0.022321428571428572 0.5691964285714286 0.044642857142857144 0.06696428571428571
0 0.044642857142857144 0.044642857142857144 0.07589285714285714 0.07142857142857142