0 0.546875 0.15848214285714285 0.08035714285714286 0.07589285714285714
0 0.453125 0.07142857142857142 0.07366071428571429 0.06473214285714286
0 0.3861607142857143 0.03571428571428571 0.08928571428571429 0.06919642857142858
0 0.515625 0.024553571428571428 0.07366071428571429 0.049107142857142856
0 0.921875 0.08705357142857142 0.06473214285714286 0.05580357142857143
0 0.7924107142857143 0.19642857142857142 0.06919642857142858 0.05357142857142857
0 0.7388392857142857 0.28125 0.06919642857142858 0.060267857142857144
0 0.7053571428571429 0.34151785714285715 0.06473214285714286 0.060267857142857144
0 0.6741071428571429 0.39955357142857145 0.06696428571428571 0.06696428571428571
0 0.6964285714285714 0.609375 0.060267857142857144 0.06696428571428571
0 0.6584821428571429 0.6473214285714286 0.06919642857142858 0.0625
0 0.22767857142857142 0.6964285714285714 0.05357142857142857 0.05133928571428571
0 0.08258928571428571 0.43973214285714285 0.060267857142857144 0.0625
0 0.109375 0.9129464285714286 0.06696428571428571 0.0625