0 0.13169642857142858 0.765625 0.044642857142857144 0.05803571428571429
0 0.140625 0.625 0.05357142857142857 0.08035714285714286
0 0.15401785714285715 0.53125 0.05357142857142857 0.0625
0 0.18080357142857142 0.6763392857142857 0.026785714285714284 0.05357142857142857
0 0.22321428571428573 0.6741071428571429 0.044642857142857144 0.026785714285714284
0 0.6316964285714286 0.84375 0.05803571428571429 0.0625
0 0.7388392857142857 0.8616071428571429 0.05357142857142857 0.12946428571428573
0 0.7946428571428571 0.8638392857142857 0.05357142857142857 0.05357142857142857
0 0.9799107142857143 0.8638392857142857 0.03571428571428571 0.0625
0 0.7901785714285714 0.30580357142857145 0.07142857142857142 0.0625
0 0.7142857142857143 0.27901785714285715 0.044642857142857144 0.05357142857142857
0 0.6361607142857143 0.2857142857142857 0.05357142857142857 0.07142857142857142
0 0.5513392857142857 0.27455357142857145 0.0625 0.08035714285714286
0 0.484375 0.29910714285714285 0.05357142857142857 0.0625
0 0.3392857142857143 0.13169642857142858 0.05357142857142857 0.07142857142857142
0 0.14285714285714285 0.3080357142857143 0.07142857142857142 0.05803571428571429
0 0.5848214285714286 0.16517857142857142 0.08035714285714286 0.08035714285714286