0 0.25892857142857145 0.15848214285714285 0.05803571428571429 0.044642857142857144
0 0.39732142857142855 0.16741071428571427 0.07589285714285714 0.05357142857142857
0 0.4888392857142857 0.17857142857142858 0.0625 0.05357142857142857
0 0.3482142857142857 0.20758928571428573 0.05357142857142857 0.026785714285714284
0 0.3482142857142857 0.24776785714285715 0.026785714285714284 0.044642857142857144
0 0.18303571428571427 0.6495535714285714 0.0625 0.05803571428571429
0 0.16517857142857142 0.7566964285714286 0.12946428571428573 0.05357142857142857
0 0.16294642857142858 0.8125 0.05357142857142857 0.05357142857142857
0 0.16071428571428573 0.9866071428571429 0.0625 0.026785714285714284
0 0.7120535714285714 0.8080357142857143 0.0625 0.07142857142857142
0 0.7388392857142857 0.7321428571428571 0.05357142857142857 0.044642857142857144
0 0.7321428571428571 0.6540178571428571 0.07142857142857142 0.05357142857142857
0 0.7433035714285714 0.5714285714285714 0.07589285714285714 0.0625
0 0.7209821428571429 0.5044642857142857 0.0625 0.05357142857142857
0 0.8839285714285714 0.3638392857142857 0.07142857142857142 0.05357142857142857
0 0.7098214285714286 0.16964285714285715 0.05803571428571429 0.07142857142857142
0 0.8504464285714286 0.6049107142857143 0.08035714285714286 0.08035714285714286