0 0.17410714285714285 0.24553571428571427 0.04017857142857143 0.05357142857142857
0 0.18080357142857142 0.375 0.05133928571428571 0.07142857142857142
0 0.19196428571428573 0.45982142857142855 0.05133928571428571 0.05803571428571429
0 0.21875 0.328125 0.026785714285714284 0.049107142857142856
0 0.25669642857142855 0.328125 0.04241071428571429 0.026785714285714284
0 0.6339285714285714 0.17410714285714285 0.05357142857142857 0.05580357142857143
0 0.734375 0.15625 0.049107142857142856 0.12053571428571429
0 0.7857142857142857 0.15401785714285715 0.049107142857142856 0.049107142857142856
0 0.96875 0.15401785714285715 0.0625 0.05803571428571429
0 0.7834821428571429 0.6674107142857143 0.06696428571428571 0.05803571428571429
0 0.7120535714285714 0.6941964285714286 0.03794642857142857 0.046875
0 0.6383928571428571 0.6875 0.049107142857142856 0.06473214285714286
0 0.5602678571428571 0.6986607142857143 0.05803571428571429 0.07142857142857142
0 0.49776785714285715 0.6763392857142857 0.049107142857142856 0.060267857142857144
0 0.3638392857142857 0.8303571428571429 0.049107142857142856 0.06696428571428571
0 0.18303571428571427 0.6674107142857143 0.06696428571428571 0.05357142857142857
0 0.5915178571428571 0.7991071428571429 0.07366071428571429 0.07589285714285714