0 0.125 0.22098214285714285 0.05803571428571429 0.060267857142857144
0 0.22321428571428573 0.22991071428571427 0.06919642857142858 0.07589285714285714
0 0.17857142857142858 0.07142857142857142 0.05803571428571429 0.044642857142857144
0 0.2611607142857143 0.05357142857142857 0.08705357142857142 0.046875
0 0.4174107142857143 0.10267857142857142 0.05357142857142857 0.06473214285714286
0 0.5580357142857143 0.17633928571428573 0.07366071428571429 0.08705357142857142
0 0.6584821428571429 0.18526785714285715 0.060267857142857144 0.05580357142857143
0 0.7410714285714286 0.20758928571428573 0.0625 0.09375
0 0.4732142857142857 0.671875 0.08928571428571429 0.06473214285714286
0 0.20982142857142858 0.6071428571428571 0.06919642857142858 0.06919642857142858
0 0.05580357142857143 0.5915178571428571 0.0625 0.08258928571428571