0 0.24776785714285715 0.31919642857142855 0.06473214285714286 0.06919642857142858
0 0.26339285714285715 0.11160714285714286 0.09151785714285714 0.0625
0 0.6517857142857143 0.19419642857142858 0.06473214285714286 0.0625
0 0.875 0.10714285714285714 0.10267857142857142 0.15848214285714285
0 0.6495535714285714 0.48214285714285715 0.078125 0.07366071428571429
0 0.40625 0.48660714285714285 0.05803571428571429 0.060267857142857144
0 0.4575892857142857 0.5870535714285714 0.05133928571428571 0.06473214285714286
0 0.41517857142857145 0.6763392857142857 0.049107142857142856 0.060267857142857144
0 0.35044642857142855 0.7098214285714286 0.07589285714285714 0.03794642857142857
0 0.15625 0.7767857142857143 0.060267857142857144 0.09821428571428571
0 0.16741071428571427 0.8995535714285714 0.07366071428571429 0.05357142857142857
0 0.31919642857142855 0.9620535714285714 0.05357142857142857 0.06696428571428571
0 0.45982142857142855 0.8459821428571429 0.046875 0.078125