0 0.26785714285714285 0.7410714285714286 0.07589285714285714 0.08035714285714286
0 0.2857142857142857 0.9754464285714286 0.10714285714285714 0.049107142857142856
0 0.7388392857142857 0.8883928571428571 0.07142857142857142 0.07142857142857142
0 0.96875 0.9486607142857143 0.0625 0.10267857142857142
0 0.7366071428571429 0.5535714285714286 0.08928571428571429 0.08482142857142858
0 0.453125 0.5491071428571429 0.06696428571428571 0.07142857142857142
0 0.5133928571428571 0.43080357142857145 0.0625 0.07142857142857142
0 0.46205357142857145 0.32589285714285715 0.05803571428571429 0.07142857142857142
0 0.38839285714285715 0.28794642857142855 0.08928571428571429 0.044642857142857144
0 0.16294642857142858 0.20758928571428573 0.07142857142857142 0.11607142857142858
0 0.17410714285714285 0.06473214285714286 0.08482142857142858 0.0625
0 0.3482142857142857 0.017857142857142856 0.0625 0.03571428571428571
0 0.515625 0.12946428571428573 0.05357142857142857 0.08928571428571429