0 0.7008928571428571 0.7633928571428571 0.07142857142857142 0.06696428571428571
0 0.9196428571428571 0.7477678571428571 0.0625 0.09821428571428571
0 0.8303571428571429 0.34151785714285715 0.0625 0.06696428571428571
0 0.9196428571428571 0.109375 0.16071428571428573 0.10714285714285714
0 0.53125 0.34151785714285715 0.07589285714285714 0.08035714285714286
0 0.5267857142857143 0.5982142857142857 0.0625 0.0625
0 0.421875 0.5446428571428571 0.06696428571428571 0.05357142857142857
0 0.328125 0.5892857142857143 0.0625 0.05357142857142857
0 0.29464285714285715 0.65625 0.04017857142857143 0.08035714285714286
0 0.22321428571428573 0.859375 0.10267857142857142 0.0625
0 0.09598214285714286 0.8482142857142857 0.05357142857142857 0.07589285714285714
0 0.033482142857142856 0.6897321428571429 0.06696428571428571 0.05357142857142857
0 0.15178571428571427 0.5424107142857143 0.08035714285714286 0.049107142857142856