0 0.10044642857142858 0.46651785714285715 0.08482142857142858 0.08928571428571429
0 0.2611607142857143 0.42857142857142855 0.08035714285714286 0.06473214285714286
0 0.47098214285714285 0.390625 0.08035714285714286 0.09598214285714286
0 0.6227678571428571 0.35267857142857145 0.060267857142857144 0.09151785714285714
0 0.6316964285714286 0.18303571428571427 0.07589285714285714 0.09375
0 0.9799107142857143 0.08928571428571429 0.04017857142857143 0.06919642857142858
0 0.7455357142857143 0.8526785714285714 0.06696428571428571 0.13392857142857142
0 0.5580357142857143 0.8616071428571429 0.05580357142857143 0.10491071428571429
0 0.22544642857142858 0.8348214285714286 0.07366071428571429 0.08482142857142858
0 0.09598214285714286 0.8616071428571429 0.06696428571428571 0.0625
0 0.125 0.9508928571428571 0.07366071428571429 0.08035714285714286
0 0.04017857142857143 0.9642857142857143 0.046875 0.07142857142857142