0 0.921875 0.5066964285714286 0.08928571428571429 0.09375
0 0.7522321428571429 0.546875 0.08482142857142858 0.06696428571428571
0 0.5267857142857143 0.5870535714285714 0.08482142857142858 0.09821428571428571
0 0.36607142857142855 0.6272321428571429 0.0625 0.09821428571428571
0 0.35714285714285715 0.8058035714285714 0.08035714285714286 0.09821428571428571
0 0.004464285714285714 0.9084821428571429 0.008928571428571428 0.07142857142857142
0 0.23660714285714285 0.09598214285714286 0.07142857142857142 0.14285714285714285
0 0.43526785714285715 0.08482142857142858 0.05803571428571429 0.11160714285714286
0 0.7879464285714286 0.11607142857142858 0.08035714285714286 0.08928571428571429
0 0.9263392857142857 0.08705357142857142 0.07142857142857142 0.06696428571428571
0 0.8973214285714286 0.017857142857142856 0.08035714285714286 0.03571428571428571