0 0.3013392857142857 0.13616071428571427 0.05580357142857143 0.07589285714285714
0 0.41517857142857145 0.14508928571428573 0.046875 0.05133928571428571
0 0.4375 0.21205357142857142 0.05133928571428571 0.060267857142857144
0 0.5825892857142857 0.18303571428571427 0.05803571428571429 0.05803571428571429
0 0.43526785714285715 0.359375 0.05803571428571429 0.06696428571428571
0 0.41964285714285715 0.43080357142857145 0.060267857142857144 0.046875
0 0.078125 0.2700892857142857 0.05357142857142857 0.09598214285714286
0 0.22767857142857142 0.6361607142857143 0.05803571428571429 0.07142857142857142
0 0.3080357142857143 0.5825892857142857 0.046875 0.0625
0 0.35267857142857145 0.6919642857142857 0.05133928571428571 0.049107142857142856
0 0.4486607142857143 0.5892857142857143 0.060267857142857144 0.05580357142857143
0 0.5379464285714286 0.5982142857142857 0.03794642857142857 0.09151785714285714
0 0.5513392857142857 0.671875 0.07589285714285714 0.05133928571428571
0 0.5580357142857143 0.75 0.05580357142857143 0.06696428571428571
0 0.36607142857142855 0.9397321428571429 0.04017857142857143 0.05803571428571429
0 0.33705357142857145 0.7924107142857143 0.024553571428571428 0.06919642857142858
0 0.8727678571428571 0.6607142857142857 0.05133928571428571 0.06473214285714286