0 0.8883928571428571 0.7165178571428571 0.08035714285714286 0.05803571428571429
0 0.8816964285714286 0.5982142857142857 0.05357142857142857 0.049107142857142856
0 0.8125 0.5736607142857143 0.0625 0.05357142857142857
0 0.8415178571428571 0.42410714285714285 0.0625 0.0625
0 0.6584821428571429 0.5758928571428571 0.07142857142857142 0.0625
0 0.5848214285714286 0.59375 0.049107142857142856 0.0625
0 0.75 0.9486607142857143 0.09821428571428571 0.05357142857142857
0 0.3705357142857143 0.7924107142857143 0.07142857142857142 0.0625
0 0.4263392857142857 0.7075892857142857 0.0625 0.049107142857142856
0 0.31473214285714285 0.6629464285714286 0.05357142857142857 0.05357142857142857
0 0.41964285714285715 0.5625 0.05803571428571429 0.0625
0 0.4107142857142857 0.47098214285714285 0.09821428571428571 0.04017857142857143
0 0.3325892857142857 0.45535714285714285 0.05357142857142857 0.08035714285714286
0 0.25223214285714285 0.4486607142857143 0.07142857142857142 0.05803571428571429
0 0.05580357142857143 0.6495535714285714 0.0625 0.044642857142857144
0 0.20758928571428573 0.6785714285714286 0.07142857142857142 0.026785714285714284
0 0.34598214285714285 0.12053571428571429 0.06696428571428571 0.05357142857142857