0 0.32142857142857145 0.953125 0.0625 0.08482142857142858
0 0.4486607142857143 0.9441964285714286 0.05357142857142857 0.05357142857142857
0 0.4732142857142857 0.8705357142857143 0.05803571428571429 0.07142857142857142
0 0.6339285714285714 0.9017857142857143 0.0625 0.0625
0 0.47098214285714285 0.7053571428571429 0.0625 0.07589285714285714
0 0.453125 0.625 0.06696428571428571 0.05357142857142857
0 0.07142857142857142 0.8035714285714286 0.0625 0.10714285714285714
0 0.23883928571428573 0.3950892857142857 0.0625 0.08035714285714286
0 0.328125 0.45535714285714285 0.05357142857142857 0.07142857142857142
0 0.37723214285714285 0.33482142857142855 0.05803571428571429 0.05357142857142857
0 0.484375 0.4486607142857143 0.06696428571428571 0.0625
0 0.5825892857142857 0.4375 0.044642857142857144 0.10267857142857142
0 0.6004464285714286 0.3549107142857143 0.08482142857142858 0.05803571428571429
0 0.6071428571428571 0.26785714285714285 0.0625 0.07142857142857142
0 0.39285714285714285 0.05803571428571429 0.044642857142857144 0.06696428571428571
0 0.36160714285714285 0.22098214285714285 0.026785714285714284 0.07589285714285714
0 0.9575892857142857 0.36830357142857145 0.05357142857142857 0.07142857142857142