0 0.6473214285714286 0.5602678571428571 0.10714285714285714 0.07142857142857142
0 0.84375 0.8616071428571429 0.0625 0.08482142857142858
0 0.8973214285714286 0.8549107142857143 0.04017857142857143 0.04017857142857143
0 0.9598214285714286 0.8504464285714286 0.07142857142857142 0.06696428571428571
0 0.5558035714285714 0.9732142857142857 0.12053571428571429 0.05357142857142857
0 0.45089285714285715 0.6339285714285714 0.0625 0.06696428571428571
0 0.41294642857142855 0.6428571428571429 0.044642857142857144 0.07589285714285714
0 0.42857142857142855 0.5625 0.05357142857142857 0.08035714285714286
0 0.15848214285714285 0.14508928571428573 0.0625 0.08035714285714286
0 0.03571428571428571 0.24330357142857142 0.07142857142857142 0.12053571428571429
0 0.7276785714285714 0.28348214285714285 0.07142857142857142 0.07142857142857142
0 0.6830357142857143 0.17633928571428573 0.07142857142857142 0.0625
0 0.734375 0.13839285714285715 0.06696428571428571 0.0625
0 0.8459821428571429 0.21651785714285715 0.0625 0.0625
0 0.6584821428571429 0.017857142857142856 0.08482142857142858 0.03571428571428571