0 0.5736607142857143 0.3950892857142857 0.07142857142857142 0.10714285714285714
0 0.8616071428571429 0.20535714285714285 0.08035714285714286 0.0625
0 0.8571428571428571 0.15401785714285715 0.03571428571428571 0.04017857142857143
0 0.8526785714285714 0.09375 0.0625 0.06696428571428571
0 0.9709821428571429 0.484375 0.05803571428571429 0.11607142857142858
0 0.6450892857142857 0.5848214285714286 0.0625 0.05803571428571429
0 0.6540178571428571 0.6205357142857143 0.07142857142857142 0.044642857142857144
0 0.5758928571428571 0.6071428571428571 0.08035714285714286 0.05357142857142857
0 0.17633928571428573 0.8660714285714286 0.08035714285714286 0.0625
0 0.2700892857142857 0.9754464285714286 0.11607142857142858 0.044642857142857144
0 0.3080357142857143 0.3169642857142857 0.06696428571428571 0.07142857142857142
0 0.20535714285714285 0.359375 0.0625 0.06696428571428571
0 0.16964285714285715 0.31026785714285715 0.0625 0.0625
0 0.24553571428571427 0.203125 0.05803571428571429 0.0625
0 0.04017857142857143 0.3861607142857143 0.0625 0.08035714285714286