0 0.43526785714285715 0.38839285714285715 0.06696428571428571 0.10267857142857142
0 0.15625 0.20535714285714285 0.08035714285714286 0.05803571428571429
0 0.16071428571428573 0.15625 0.03571428571428571 0.03794642857142857
0 0.16517857142857142 0.09598214285714286 0.0625 0.06473214285714286
0 0.013392857142857142 0.07142857142857142 0.026785714285714284 0.07142857142857142
0 0.04017857142857143 0.47544642857142855 0.08035714285714286 0.11607142857142858
0 0.36607142857142855 0.5714285714285714 0.0625 0.05803571428571429
0 0.35714285714285715 0.6071428571428571 0.06919642857142858 0.04241071428571429
0 0.4330357142857143 0.59375 0.07589285714285714 0.05133928571428571
0 0.8214285714285714 0.84375 0.07589285714285714 0.05803571428571429
0 0.7299107142857143 0.9642857142857143 0.11160714285714286 0.07142857142857142
0 0.6919642857142857 0.3125 0.06473214285714286 0.06696428571428571
0 0.7924107142857143 0.35267857142857145 0.05803571428571429 0.06473214285714286
0 0.828125 0.30580357142857145 0.05803571428571429 0.0625
0 0.7544642857142857 0.203125 0.05803571428571429 0.05803571428571429
0 0.953125 0.3794642857142857 0.060267857142857144 0.08035714285714286