0 0.3125 0.24553571428571427 0.11160714285714286 0.10714285714285714
0 0.04017857142857143 0.1875 0.06696428571428571 0.05357142857142857
0 0.109375 0.6138392857142857 0.06696428571428571 0.05580357142857143
0 0.43526785714285715 0.45089285714285715 0.07366071428571429 0.03125
0 0.5290178571428571 0.5647321428571429 0.06473214285714286 0.10491071428571429
0 0.6316964285714286 0.5111607142857143 0.07142857142857142 0.125
0 0.6830357142857143 0.40625 0.06696428571428571 0.05803571428571429
0 0.7098214285714286 0.5200892857142857 0.06919642857142858 0.07589285714285714
0 0.5669642857142857 0.04241071428571429 0.12053571428571429 0.08482142857142858
0 0.31026785714285715 0.046875 0.10714285714285714 0.08482142857142858
0 0.4732142857142857 0.24330357142857142 0.125 0.09821428571428571