0 0.31026785714285715 0.7566964285714286 0.11607142857142858 0.10714285714285714
0 0.03571428571428571 0.8147321428571429 0.06696428571428571 0.05357142857142857
0 0.10491071428571429 0.38392857142857145 0.06696428571428571 0.05357142857142857
0 0.4330357142857143 0.5491071428571429 0.07142857142857142 0.03125
0 0.5290178571428571 0.4330357142857143 0.06696428571428571 0.10714285714285714
0 0.6339285714285714 0.48660714285714285 0.07142857142857142 0.125
0 0.6852678571428571 0.59375 0.06696428571428571 0.05803571428571429
0 0.7120535714285714 0.47767857142857145 0.07142857142857142 0.07589285714285714
0 0.5647321428571429 0.9598214285714286 0.12053571428571429 0.08035714285714286
0 0.3080357142857143 0.9553571428571429 0.10714285714285714 0.08482142857142858
0 0.47098214285714285 0.7566964285714286 0.125 0.09821428571428571