0 0.2767857142857143 0.21205357142857142 0.12053571428571429 0.11607142857142858
0 0.011160714285714286 0.14508928571428573 0.022321428571428572 0.05803571428571429
0 0.0625 0.6049107142857143 0.07142857142857142 0.05803571428571429
0 0.40625 0.43080357142857145 0.08035714285714286 0.03571428571428571
0 0.5066964285714286 0.5513392857142857 0.07142857142857142 0.11160714285714286
0 0.6160714285714286 0.4955357142857143 0.07589285714285714 0.13392857142857142
0 0.6696428571428571 0.38169642857142855 0.07142857142857142 0.0625
0 0.6986607142857143 0.5044642857142857 0.07142857142857142 0.08035714285714286
0 0.546875 0.020089285714285716 0.12946428571428573 0.04017857142857143
0 0.27455357142857145 0.022321428571428572 0.11607142857142858 0.044642857142857144
0 0.44642857142857145 0.20982142857142858 0.13392857142857142 0.10714285714285714