0 0.48214285714285715 0.3705357142857143 0.078125 0.078125
0 0.029017857142857144 0.484375 0.05580357142857143 0.0625
0 0.04017857142857143 0.8348214285714286 0.08035714285714286 0.08035714285714286
0 0.5825892857142857 0.6875 0.060267857142857144 0.05357142857142857
0 0.6004464285714286 0.6004464285714286 0.05133928571428571 0.06473214285714286
0 0.484375 0.45982142857142855 0.05357142857142857 0.05580357142857143
0 0.625 0.41294642857142855 0.05133928571428571 0.060267857142857144
0 0.8883928571428571 0.22991071428571427 0.125 0.0625
0 0.9486607142857143 0.3169642857142857 0.09598214285714286 0.12946428571428573
0 0.8236607142857143 0.5803571428571429 0.10044642857142858 0.09821428571428571
0 0.7410714285714286 0.9308035714285714 0.12946428571428573 0.08928571428571429