0 0.12276785714285714 0.13392857142857142 0.07142857142857142 0.046875
0 0.13839285714285715 0.25 0.08705357142857142 0.060267857142857144
0 0.39732142857142855 0.3325892857142857 0.06919642857142858 0.05357142857142857
0 0.10044642857142858 0.6116071428571429 0.06473214285714286 0.049107142857142856
0 0.16517857142857142 0.6049107142857143 0.0625 0.060267857142857144
0 0.017857142857142856 0.7745535714285714 0.03571428571428571 0.07142857142857142
0 0.703125 0.8727678571428571 0.05580357142857143 0.05357142857142857
0 0.8727678571428571 0.7946428571428571 0.08482142857142858 0.05357142857142857
0 0.7924107142857143 0.14955357142857142 0.06919642857142858 0.060267857142857144
0 0.8125 0.203125 0.0625 0.044642857142857144
0 0.9486607142857143 0.09598214285714286 0.10267857142857142 0.09375