0 0.8727678571428571 0.12276785714285714 0.044642857142857144 0.07142857142857142
0 0.7566964285714286 0.13839285714285715 0.0625 0.08928571428571429
0 0.671875 0.39955357142857145 0.05357142857142857 0.07142857142857142
0 0.390625 0.10044642857142858 0.05357142857142857 0.0625
0 0.39732142857142855 0.16517857142857142 0.0625 0.0625
0 0.22767857142857142 0.015625 0.07142857142857142 0.03125
0 0.125 0.7098214285714286 0.05357142857142857 0.05803571428571429
0 0.20535714285714285 0.8839285714285714 0.05357142857142857 0.08482142857142858
0 0.8571428571428571 0.8013392857142857 0.0625 0.07142857142857142
0 0.8035714285714286 0.8191964285714286 0.044642857142857144 0.0625
0 0.9129464285714286 0.953125 0.09821428571428571 0.09375