0 0.5401785714285714 0.328125 0.07142857142857142 0.05357142857142857
0 0.5758928571428571 0.41294642857142855 0.08705357142857142 0.08258928571428571
0 0.6272321428571429 0.5089285714285714 0.08258928571428571 0.06473214285714286
0 0.6808035714285714 0.6071428571428571 0.06473214285714286 0.0625
0 0.7700892857142857 0.47767857142857145 0.10491071428571429 0.06919642857142858
0 0.8571428571428571 0.4017857142857143 0.060267857142857144 0.05133928571428571
0 0.8058035714285714 0.25892857142857145 0.05803571428571429 0.05133928571428571
0 0.8995535714285714 0.5446428571428571 0.05803571428571429 0.060267857142857144
0 0.9709821428571429 0.7834821428571429 0.05803571428571429 0.06696428571428571
0 0.5357142857142857 0.6473214285714286 0.05357142857142857 0.05133928571428571
0 0.29910714285714285 0.7678571428571429 0.05803571428571429 0.05133928571428571
0 0.3169642857142857 0.8214285714285714 0.060267857142857144 0.03794642857142857