0 0.328125 0.5401785714285714 0.05357142857142857 0.07142857142857142
0 0.41294642857142855 0.5758928571428571 0.08035714285714286 0.08928571428571429
0 0.5089285714285714 0.6272321428571429 0.06696428571428571 0.08035714285714286
0 0.609375 0.6808035714285714 0.0625 0.06696428571428571
0 0.47767857142857145 0.7723214285714286 0.07142857142857142 0.10714285714285714
0 0.4017857142857143 0.859375 0.05357142857142857 0.0625
0 0.25892857142857145 0.8102678571428571 0.05357142857142857 0.05803571428571429
0 0.546875 0.9040178571428571 0.0625 0.05803571428571429
0 0.7879464285714286 0.9732142857142857 0.07142857142857142 0.05357142857142857
0 0.6473214285714286 0.5357142857142857 0.05357142857142857 0.05357142857142857
0 0.7723214285714286 0.296875 0.05357142857142857 0.05803571428571429
0 0.8258928571428571 0.31473214285714285 0.03571428571428571 0.0625