0 0.7120535714285714 0.5892857142857143 0.10714285714285714 0.0625
0 0.5647321428571429 0.6517857142857143 0.07142857142857142 0.0625
0 0.6205357142857143 0.5691964285714286 0.05357142857142857 0.05357142857142857
0 0.953125 0.6049107142857143 0.0625 0.05803571428571429
0 0.96875 0.4955357142857143 0.0625 0.049107142857142856
0 0.9888392857142857 0.4419642857142857 0.017857142857142856 0.049107142857142856
0 0.875 0.19196428571428573 0.125 0.044642857142857144
0 0.9419642857142857 0.16071428571428573 0.09821428571428571 0.05357142857142857
0 0.828125 0.15178571428571427 0.09821428571428571 0.049107142857142856
0 0.6607142857142857 0.022321428571428572 0.0625 0.044642857142857144
0 0.05803571428571429 0.9776785714285714 0.049107142857142856 0.044642857142857144
0 0.017857142857142856 0.9419642857142857 0.03571428571428571 0.044642857142857144