0 0.29910714285714285 0.421875 0.10491071428571429 0.060267857142857144
0 0.4419642857142857 0.359375 0.06696428571428571 0.0625
0 0.38839285714285715 0.43973214285714285 0.05580357142857143 0.05133928571428571
0 0.0625 0.40401785714285715 0.05803571428571429 0.05803571428571429
0 0.04017857142857143 0.5133928571428571 0.08035714285714286 0.049107142857142856
0 0.020089285714285716 0.5647321428571429 0.03794642857142857 0.049107142857142856
0 0.13839285714285715 0.8080357142857143 0.12276785714285714 0.04241071428571429
0 0.07366071428571429 0.8392857142857143 0.09821428571428571 0.05133928571428571
0 0.18526785714285715 0.8459821428571429 0.09598214285714286 0.049107142857142856
0 0.35044642857142855 0.9754464285714286 0.06473214285714286 0.046875
0 0.9397321428571429 0.03125 0.046875 0.0625
0 0.9799107142857143 0.07366071428571429 0.04017857142857143 0.049107142857142856