0 0.7008928571428571 0.578125 0.10714285714285714 0.0625
0 0.5580357142857143 0.640625 0.06696428571428571 0.0625
0 0.6116071428571429 0.5602678571428571 0.05357142857142857 0.05357142857142857
0 0.9375 0.5959821428571429 0.05803571428571429 0.05803571428571429
0 0.9598214285714286 0.48660714285714285 0.08035714285714286 0.049107142857142856
0 0.9799107142857143 0.43526785714285715 0.03571428571428571 0.049107142857142856
0 0.8616071428571429 0.19196428571428573 0.125 0.044642857142857144
0 0.9263392857142857 0.16071428571428573 0.09821428571428571 0.05357142857142857
0 0.8147321428571429 0.15401785714285715 0.09821428571428571 0.049107142857142856
0 0.6495535714285714 0.024553571428571428 0.0625 0.044642857142857144
0 0.060267857142857144 0.96875 0.044642857142857144 0.0625
0 0.020089285714285716 0.9263392857142857 0.04017857142857143 0.049107142857142856