0 0.06919642857142858 0.17633928571428573 0.08928571428571429 0.07142857142857142
0 0.40401785714285715 0.11607142857142858 0.03571428571428571 0.05357142857142857
0 0.43526785714285715 0.140625 0.044642857142857144 0.0625
0 0.5669642857142857 0.004464285714285714 0.0625 0.008928571428571428
0 0.9419642857142857 0.013392857142857142 0.08035714285714286 0.026785714285714284
0 0.8214285714285714 0.6830357142857143 0.05357142857142857 0.06696428571428571
0 0.7633928571428571 0.5535714285714286 0.05357142857142857 0.06696428571428571
0 0.921875 0.45982142857142855 0.0625 0.08928571428571429
0 0.5691964285714286 0.9241071428571429 0.09821428571428571 0.08482142857142858
0 0.28348214285714285 0.7901785714285714 0.08928571428571429 0.07142857142857142
0 0.8236607142857143 0.9933035714285714 0.07589285714285714 0.008928571428571428