0 0.13392857142857142 0.19642857142857142 0.08258928571428571 0.06919642857142858
0 0.04017857142857143 0.4732142857142857 0.08035714285714286 0.06473214285714286
0 0.44419642857142855 0.14285714285714285 0.03571428571428571 0.046875
0 0.4732142857142857 0.16517857142857142 0.04241071428571429 0.05803571428571429
0 0.59375 0.022321428571428572 0.05580357142857143 0.044642857142857144
0 0.9419642857142857 0.03125 0.07366071428571429 0.05803571428571429
0 0.8303571428571429 0.6674107142857143 0.049107142857142856 0.0625
0 0.7767857142857143 0.546875 0.046875 0.0625
0 0.9241071428571429 0.45982142857142855 0.05580357142857143 0.08482142857142858
0 0.5959821428571429 0.8883928571428571 0.08928571428571429 0.078125
0 0.3325892857142857 0.7633928571428571 0.08035714285714286 0.06696428571428571
0 0.8348214285714286 0.9732142857142857 0.07142857142857142 0.05133928571428571