0 0.3861607142857143 0.22991071428571427 0.07366071428571429 0.09821428571428571
0 0.07589285714285714 0.03125 0.044642857142857144 0.060267857142857144
0 0.03794642857142857 0.31473214285714285 0.06919642857142858 0.07142857142857142
0 0.30357142857142855 0.39285714285714285 0.07589285714285714 0.060267857142857144
0 0.3861607142857143 0.8705357142857143 0.07142857142857142 0.06919642857142858
0 0.6205357142857143 0.7700892857142857 0.046875 0.07366071428571429
0 0.7232142857142857 0.8125 0.044642857142857144 0.08035714285714286
0 0.6584821428571429 0.8370535714285714 0.05357142857142857 0.049107142857142856
0 0.640625 0.9017857142857143 0.0625 0.0625
0 0.78125 0.9486607142857143 0.060267857142857144 0.05803571428571429
0 0.859375 0.8571428571428571 0.05133928571428571 0.07142857142857142
0 0.8816964285714286 0.6852678571428571 0.05357142857142857 0.078125
0 0.6495535714285714 0.10267857142857142 0.078125 0.05580357142857143
0 0.6473214285714286 0.18303571428571427 0.11830357142857142 0.09375
0 0.5714285714285714 0.015625 0.0625 0.03125
0 0.5357142857142857 0.234375 0.07366071428571429 0.07142857142857142