0 0.75 0.6272321428571429 0.11160714285714286 0.08482142857142858
0 0.9732142857142857 0.9799107142857143 0.05357142857142857 0.04017857142857143
0 0.5625 0.7232142857142857 0.07142857142857142 0.08928571428571429
0 0.029017857142857144 0.6294642857142857 0.05803571428571429 0.08035714285714286
0 0.13392857142857142 0.359375 0.08482142857142858 0.05357142857142857
0 0.08482142857142858 0.24330357142857142 0.08928571428571429 0.05357142857142857
0 0.05357142857142857 0.3169642857142857 0.05357142857142857 0.0625
0 0.008928571428571428 0.33705357142857145 0.017857142857142856 0.07142857142857142
0 0.03794642857142857 0.08705357142857142 0.07589285714285714 0.05803571428571429
0 0.22767857142857142 0.0625 0.08928571428571429 0.0625
0 0.8950892857142857 0.32589285714285715 0.0625 0.08928571428571429
0 0.8035714285714286 0.328125 0.10714285714285714 0.13392857142857142
0 0.9888392857142857 0.41517857142857145 0.022321428571428572 0.07142857142857142
0 0.7455357142857143 0.4575892857142857 0.08035714285714286 0.08482142857142858