0 0.390625 0.24330357142857142 0.08035714285714286 0.10714285714285714
0 0.05357142857142857 0.029017857142857144 0.049107142857142856 0.05803571428571429
0 0.024553571428571428 0.33482142857142855 0.049107142857142856 0.07589285714285714
0 0.3013392857142857 0.41964285714285715 0.08035714285714286 0.0625
0 0.390625 0.9397321428571429 0.08035714285714286 0.07589285714285714
0 0.6473214285714286 0.8303571428571429 0.05357142857142857 0.08035714285714286
0 0.7566964285714286 0.8772321428571429 0.049107142857142856 0.08928571428571429
0 0.6852678571428571 0.9040178571428571 0.05803571428571429 0.05357142857142857
0 0.6674107142857143 0.96875 0.06696428571428571 0.0625
0 0.90625 0.9241071428571429 0.05357142857142857 0.08035714285714286
0 0.9285714285714286 0.7388392857142857 0.05803571428571429 0.08482142857142858
0 0.6785714285714286 0.10491071428571429 0.08482142857142858 0.0625
0 0.6763392857142857 0.19196428571428573 0.125 0.09821428571428571
0 0.59375 0.013392857142857142 0.07142857142857142 0.026785714285714284
0 0.5535714285714286 0.24776785714285715 0.08035714285714286 0.08035714285714286